0.5376671395461000
1.8338850145950865
-2.2588468610036481
0.8621733203681206
0.3187652398589808
-1.3076882963052734
-0.4335920223056836
0.3426244665386499
3.5783969397257605
2.7694370298848772
-1.3498869401565212
3.0349234663318545
0.7254042249461056
-0.0630548731896562
0.7147429038260958
-0.2049660582997746
-0.1241443482163119
1.4896976077854649
1.4090344898004792
1.4171924134296139
0.6714971336080805
-1.2074869226850378
0.7172386513288385
1.6302352891647292
0.4888937703117894
1.0346930099178602
0.7268851333832379
-0.3034409247860159
0.2938714670966581
-0.7872828037586376
0.8883956317576418
-1.1470701069691505
-1.0688704581680317
-0.8094986944248755
-2.9442841619948963
1.4383802928150984
0.3251905394561979
-0.7549283191697034
1.3702985400952279
-1.7115164188536980
-0.1022424460854909
-0.2414470416073579
0.3192067391655018
0.3128585966374284
-0.8648799173244565
-0.0300512961962686
-0.1648790192090383
0.6277072875287265
1.0932656690394840
1.1092732976143975
-0.8636528219887144
0.0773590911304249
-1.2141170436154092
-1.1135007414867644
-0.0068493281033481
1.5326303082847499
-0.7696659137536819
0.3713788127600577
-0.2255844022712519
1.1173561388144666
-1.0890642950522358
0.0325574641649735
0.5525270211122237
1.1006102178808663
1.5442118955039510
0.0859311331754255
-1.4915903106376094
-0.7423018372598567
-1.0615817333199864
2.3504572240020423
-0.6156018814668943
0.7480767837039851
-0.1924185105882636
0.8886104254207208
-0.7648492365678742
-1.4022689693387587
-1.4223759250914965
0.4881939098599407
-0.1773751566188252
-0.1960534878073328
1.4193101506425494
0.2915843739841825
0.1978110534643607
1.5876990899740593
-0.8044659563495471
0.6966244158496073
0.8350881650726819
-0.2437151403779522
0.2156700864037444
-1.1658439314820488
-1.1479527788985942
0.1048747160164940
0.7222540322250016
2.5854912526162415
-0.6668906707013855
0.1873310245789398
-0.0824944253709554
-1.9330229178509866
-0.4389661539347733
-1.7946788414551234
0.8403755297539054
-0.8880320823290103
0.1000928331393225
-0.5445289299905477
0.3035207946493543
-0.6003265621337341
0.4899653211739479
0.7393631236044740
1.7118877829815546
-0.1941235357582654
-2.1383552694399386
-0.8395887473366136
1.3545943280046437
-1.0721552883842516
0.9609538697405669
0.1240498000031925
1.4366966227189388
-1.9608999993650327
-0.1976982259741502
-1.2078454852597988
2.9080080307293619
0.8252188942284909
1.3789719779166141
-1.0581802579873616
-0.4686155811006241
-0.2724694092501875
1.0984246178886228
-0.2778719327876389
0.7015414581632835
-2.0518162999111493
-0.3538499977744333
-0.8235865251568527
-1.5770570227992016
0.5079746509059456
0.2819840636705562
0.0334798822444514
-1.3336779434281061
1.1274922783415902
0.3501794106033117
-0.2990660303329824
0.0228897927516298
-0.2619954349660920
-1.7502123684467896
-0.2856509715953298
-0.8313665115676243
-0.9792063051673021
-1.1564016556640022
-0.5335571093159874
-2.0026357358830604
0.9642294226316275
0.5200601014554576
-0.0200278516425381
-0.0347710860284830
-0.7981635845641424
1.0186852821285755
-0.1332174795077347
-0.7145301637871584
1.3513857684266568
-0.2247710560525841
-0.5890290307208013
-0.2937535977354161
-0.8479262436379339
-1.1201283012437278
2.5259996921183094
1.6554975928873457
0.3075351592382519
-1.2571183593520534
-0.8654680305548038
-0.1765341142314509
0.7914160616286340
-1.3320044213152473
-2.3298671558050761
-1.4490972928387393
0.3335108330658059
0.3913536044329010
0.4516794189282375
-0.1302846531457206
0.1836890958619421
-0.4761530166190738
0.8620216115569220
-1.3616944708707543
0.4550295564443344
-0.8487093799336590
-0.3348869389640477
0.5527833459445501
1.0390906535049560
-1.1176386832652081
1.2606587091208963
0.6601431410469777
-0.0678655535426873
-0.1952211978987544
-0.2176063501431919
-0.3031076213517409
0.0230456244251053
0.0512903558487747
0.8260627902115955
1.5269766867333727
0.4669144356847000
-0.2097133383887367
0.6251903570876257
0.1832272630014370
-1.0297675435666211
0.9492218311310225
0.3070619191467034
0.1351749420994557
0.5152463355248486
0.2614063240553827
-0.9414857709554337
-0.1623376728038277
-0.1460546343315262
-0.5320113768088207
1.6821035946631788
-0.8757293461600173
-0.4838150501101211
-0.7120045490274225
-1.1742123314568162
-0.1922395175392748
-0.2740702299326022
1.5300725144240961
-0.2490247425137138
-1.0642134128893268
1.6034572981200441
1.2346791468907778
-0.2296264509631805
-1.5061597039797190
-0.4446278164469854
-0.1559410357247689
0.2760682539315362
-0.2611636457764786
0.4434219129040913
0.3918942094324491
-1.2506789068264075
-0.9479609223314320
-0.7411060939404115
-0.5078175502781737
-0.3205755066002393
0.0124690413616180
-3.0291773414041456
-0.4570146408715826
1.2424484063907384
-1.0667013989847496
0.9337281626712385
0.3503210013561116
-0.0290057637087263
0.1824521675059834
-1.5650560141507250
-0.0845394798177242
1.6039463506028804
0.0983477746401080
0.0413736134896147
-0.7341691126967387
-0.0308137300123200
0.2323470126244768
0.4263875574089450
-0.3728087417235042
-0.2364545837571863
2.0236908866030534
-2.2583539704961915
2.2294456804568989
0.3375637006131064
1.0000608195891247
-1.6641644749870603
-0.5900345642052215
-0.2780641637653094
0.4227156912204783
-1.6702006978504704
0.4716343264163027
-1.2128471996744594
0.0661900484246114
0.6523558886613740
0.3270599671770875
1.0826335042367561
1.0060771108190514
-0.6509077365977526
0.2570561574339689
-0.9443778064042190
-1.3217885213925638
0.9248259334937059
0.0000498490752508
-0.0549189146094067
0.9111272656538598
0.5945836974090524
0.3502011738745352
1.2502512283049958
0.9297894585577157
0.2397632570585800
-0.6903611031112258
-0.6515536417502810
1.1921018705312700
-1.6118303886778107
-0.0244619366359185
-1.9488471768989009
1.0204980144526539
0.8617163023934185
0.0011620834835139
-0.0708372131604802
-2.4862839207032787
0.5811723226759228
-2.1924349199659048
-2.3192803066433023
0.0799337102984397
-0.9484809835705053
0.4114906214233742
0.6769778056840295
0.8577325452053553
-0.6911591253829914
0.4493776231668507
0.1006333503150765
0.8260699984699232
0.5361570799259188
0.8978884259850759
-0.1319378679245808
-0.1472014561512673
1.0077734053054386
-2.1236554624157500
-0.5045864055140099
-1.2705944498086601
-0.3825848027076484
0.6486792620486207
0.8257271492417582
-1.0149436426801375
-0.4710699126831666
0.1370248741300503
-0.2918633757535734
0.3018185552610063
0.3999309429558021
-0.9299615589401294
-0.1768302659292318
-2.1320945991615345
1.1453617105184741
-0.6290907609941555
-1.2038499740022184
-0.2539446834228118
-1.4286468646320976
-0.0208576177016003
-0.5606649965281846
2.1777787091841541
1.1384653873295951
-2.4968865031845020
0.4413269317276085
-1.3981378758110741
-0.2550551798808058
0.1644040733187286
0.7477340288081226
-0.2730469494029069
1.5763001465460751
-0.4809371517788452
0.3275121208296858
0.6647341206275945
0.0851885927211602
0.8809527853810478
0.3232131378475975
-0.7841461836640875
-1.8053733513860897
1.8585929485557051
-0.6045300887744590
0.1033597223106481
0.5631669551459778
0.1135969967340017
-0.9047262127980318
-0.4677145824518563
-0.1248899472231070
1.4789584915040301
-0.8608156900069610
0.7846684672878215
0.3086231399485295
-0.2338600421291529
-1.0569727459601310
-0.2841409546261639
-0.0866902824593051
-1.4693950744863571
0.1921822448707855
-0.8222932762901751
-0.0942405879597235
0.3362133409542403
-0.9046540592468372
-0.2882563612056964
0.3500627575341778
-1.8358591425043049
1.0359759082454805
2.4244611449393645
0.9594005094079755
-0.3157719950094085
0.4286226798593960
-1.0359847785133929
1.8778654604958582
0.9407044033521318
0.7873457799352462
-0.8758742619566724
0.3199491343823313
-0.5582942848509036
-0.3114294185468946
-0.5700099166421857
-1.0257336156287127
-0.9087455868743252
-0.2098973340555908
-1.6988640841726104
0.6076005758460840
-0.1177982892679625
0.6991603336441667
0.2696486417165979
0.4942870553794108
-1.4831210225158986
-1.0202643856829652
-0.4469950107445275
0.1096585913276026
1.1287364520282828
-0.2899630408000279
1.2615507181411483
0.4754248117072714
1.1741167514937150
0.1269470680436459
-0.6568159289480825
-1.4813990715787799
0.1554889959038940
0.8185513685210005
-0.2925881308343940
-0.5407864164885258
-0.3086418152801131
-1.0965933015254721
-0.4930098153164506
-0.1807393564150375
0.0458411057137050
-0.0637831200223326
0.6113351940652360
0.1093176937748703
1.8140154502803756
0.3120238283292736
1.8044937717241869
-0.7231214795704181
0.5265470377495590
-0.2602508617061168
0.6001425088086300
0.5939307956487527
-2.1860216127482355
-1.3270431495202910
-1.4410135976389145
0.4018444970398150
1.4702012808485194
-0.3268142287859062
0.8123230046407960
0.5455401035261158
-1.0516323095208484
0.3974669957953086
-0.7518947386818916
1.5162668966459527
-0.0325665091944807
1.6359996572782924
-0.4250584906100308
0.5894333667182207
-0.0627912257183250
-2.0219589300517895
-0.9821315257790478
0.6125112981669493
-0.0548861299886774
-1.1187320024527250
-0.6263785388671387
0.2495177405627951
-0.9930190065496006
0.9749502248113116
-0.6407095067260575
1.8088626205192539
-1.0798662507388281
0.1991894440752645
-1.5210265617689547
-0.7236311252890728
-0.5932503150108036
0.4013363398188011
0.9421333192369424
0.3004859675957303
-0.3730706586310043
0.8154885080924984
0.7988869921567159
0.1202052819563554
0.5712476297144761
0.4127960103113919
-0.9869618833515219
0.7595683259147834
-0.6572012990983503
-0.6039184813761692
0.1769468223294113
-0.3075034698627506
-0.1318203529158936
0.5953576738841018
1.0468327843052319
-0.1979586326118420
0.3276781639072007
-0.2383015045897330
0.2295968932203138
0.4399979048226294
-0.6168659288892274
0.2748367869116662
0.6011020324682951
0.0923079512389623
1.7298413915723643
-0.6085574447383194
-0.7370597716978055
-1.7498793063876255
0.9104825796471120
0.8670825529473254
